"species","x","y","twi","slope","northness","dist_vertebrates","dist_seasonal_water","dist_station"
"species",1,1,5.205735206604,4.8593487739563,-0.0110440189018846,19977.1796875,80.3031768798828,20310.09375
"species",2,2,7.32948398590088,2.05437302589417,-0.0199094992130995,14662.5576171875,230.327239990234,14804.5439453125
"species",3,3,7.38316679000854,3.6469304561615,-0.015397678129375,4284.9248046875,641.792907714844,6240.849609375
"species",4,4,7.02449178695679,5.00455474853516,-0.000440061383415014,10987.1279296875,783.012390136719,10378.931640625
"species",5,5,7.38405561447144,3.91077351570129,-0.0200374331325293,5072.697265625,0,7179.42333984375
"species",6,6,7.30104303359985,3.50237607955933,-0.00613523833453655,14705.0986328125,694.028381347656,22296.5625
"species",7,7,7.38405561447144,3.91077351570129,-0.0200374331325293,5072.697265625,0,7179.42333984375
"species",8,8,7.00192880630493,1.95332598686218,-0.0429422222077847,1418.36157226562,431173.875,538.079284667969
"species",9,9,6.24994277954102,5.2979154586792,0.00920395832508802,13914.2646484375,304.547882080078,14477.53515625
"species",10,10,3.69362115859985,6.40095710754395,0.0153755620121956,16367.67578125,802.491149902344,20280.6875
"species",11,11,6.95677661895752,1.60629773139954,-0.0677206739783287,589.103088378906,433201.625,4316.1123046875
"species",12,12,7.00192880630493,1.95332598686218,-0.0429422222077847,1418.36157226562,431173.875,538.079284667969
"species",13,13,7.00192880630493,1.95332598686218,-0.0429422222077847,1418.36157226562,431173.875,538.079284667969
"species",14,14,6.42641401290894,7.18382692337036,0.0151964807882905,6895.814453125,559.025085449219,21574.76171875
"species",15,15,6.99733543395996,0.495427370071411,-0.270130664110184,1218.97351074219,431002.21875,3910.97338867188
"species",16,16,7.00192880630493,1.95332598686218,-0.0429422222077847,1418.36157226562,431173.875,538.079284667969
"species",17,17,7.00192880630493,1.95332598686218,-0.0429422222077847,1418.36157226562,431173.875,538.079284667969
"species",18,18,7.00192880630493,1.95332598686218,-0.0429422222077847,1418.36157226562,431173.875,538.079284667969
"species",19,19,6.97916030883789,1.96845233440399,-0.0443245768547058,200.459060668945,428971.0625,1719.4228515625
"species",20,20,5.31336116790771,7.0884861946106,-0.00936319679021835,13552.6279296875,24.7638301849365,19154.0625
"species",21,21,7.36909294128418,4.2917594909668,0.0150787308812141,8079.79443359375,0,7075.1455078125
"species",22,22,6.51367568969727,4.93718862533569,-0.0290493238717318,15866.0478515625,311.915405273438,17602.7734375
"species",23,23,7.00192880630493,1.95332598686218,-0.0429422222077847,1418.36157226562,431173.875,538.079284667969
"species",24,24,4.51758337020874,4.07043981552124,0.0169332008808851,19570.826171875,902.385620117188,19510.75390625
"species",25,25,7.37413263320923,1.87053656578064,-0.0514074079692364,15655.900390625,452.010406494141,15773.1640625
"species",26,26,7.00001049041748,2.5714590549469,-0.00211671297438443,1918.978515625,428591.5,2923.28955078125
"species",27,27,7.30920505523682,3.35896563529968,0.0367448851466179,16688.873046875,170.024459838867,16310.3408203125
"species",28,28,5.65025329589844,3.36707329750061,0.0195448566228151,4370.4228515625,429774,5945.99365234375
"species",29,29,7.00192880630493,1.95332598686218,-0.0429422222077847,1418.36157226562,431173.875,538.079284667969
"species",30,30,6.98210859298706,2.25868201255798,-0.0409611016511917,603.341979980469,430216.125,688.567199707031
"species",31,31,6.82198619842529,2.21979689598083,-0.0158021226525307,1412.07824707031,434162,5142.3955078125
"species",32,32,6.98210859298706,2.25868201255798,-0.0409611016511917,603.341979980469,430216.125,688.567199707031
"species",33,33,7.32948398590088,2.05437302589417,-0.0199094992130995,14662.5576171875,230.327239990234,14804.5439453125
"species",34,34,6.82198619842529,2.21979689598083,-0.0158021226525307,1412.07824707031,434162,5142.3955078125
"species",35,35,5.66714954376221,6.2415919303894,0.0516694784164429,20335.171875,534.566772460938,21342.966796875
"species",36,36,6.82198619842529,2.21979689598083,-0.0158021226525307,1412.07824707031,434162,5142.3955078125
"species",37,37,6.62390756607056,5.09497451782227,-0.0338275320827961,0,428516.3125,21172.970703125
"species",38,38,5.65025329589844,3.36707329750061,0.0195448566228151,4370.4228515625,429774,5945.99365234375
"species",39,39,7.00192880630493,1.95332598686218,-0.0429422222077847,1418.36157226562,431173.875,538.079284667969
"species",40,40,7.08669805526733,6.31901502609253,-0.0323712006211281,7676.310546875,584.833679199219,20882.19921875
"species",41,41,7.32948398590088,2.05437302589417,-0.0199094992130995,14662.5576171875,230.327239990234,14804.5439453125
"species",42,42,6.82198619842529,2.21979689598083,-0.0158021226525307,1412.07824707031,434162,5142.3955078125
"species",43,43,7.32948398590088,2.05437302589417,-0.0199094992130995,14662.5576171875,230.327239990234,14804.5439453125
"species",44,44,7.00192880630493,1.95332598686218,-0.0429422222077847,1418.36157226562,431173.875,538.079284667969
"species",45,45,7.00192880630493,1.95332598686218,-0.0429422222077847,1418.36157226562,431173.875,538.079284667969
"species",46,46,6.82198619842529,2.21979689598083,-0.0158021226525307,1412.07824707031,434162,5142.3955078125
"species",47,47,7.32948398590088,2.05437302589417,-0.0199094992130995,14662.5576171875,230.327239990234,14804.5439453125
"species",48,48,5.66714954376221,6.2415919303894,0.0516694784164429,20335.171875,534.566772460938,21342.966796875
"species",49,49,5.66714954376221,6.2415919303894,0.0516694784164429,20335.171875,534.566772460938,21342.966796875
"species",50,50,6.82198619842529,2.21979689598083,-0.0158021226525307,1412.07824707031,434162,5142.3955078125
"species",51,51,7.00192880630493,1.95332598686218,-0.0429422222077847,1418.36157226562,431173.875,538.079284667969
"species",52,52,6.82198619842529,2.21979689598083,-0.0158021226525307,1412.07824707031,434162,5142.3955078125
"species",53,53,7.08669805526733,6.31901502609253,-0.0323712006211281,7676.310546875,584.833679199219,20882.19921875
"species",54,54,7.00192880630493,1.95332598686218,-0.0429422222077847,1418.36157226562,431173.875,538.079284667969
"species",55,55,6.82198619842529,2.21979689598083,-0.0158021226525307,1412.07824707031,434162,5142.3955078125
"species",56,56,7.00192880630493,1.95332598686218,-0.0429422222077847,1418.36157226562,431173.875,538.079284667969
"species",57,57,7.00192880630493,1.95332598686218,-0.0429422222077847,1418.36157226562,431173.875,538.079284667969
"species",58,58,7.00192880630493,1.95332598686218,-0.0429422222077847,1418.36157226562,431173.875,538.079284667969
"species",59,59,7.00192880630493,1.95332598686218,-0.0429422222077847,1418.36157226562,431173.875,538.079284667969
"species",60,60,7.32948398590088,2.05437302589417,-0.0199094992130995,14662.5576171875,230.327239990234,14804.5439453125
"species",61,61,5.66714954376221,6.2415919303894,0.0516694784164429,20335.171875,534.566772460938,21342.966796875
"species",62,62,7.00192880630493,1.95332598686218,-0.0429422222077847,1418.36157226562,431173.875,538.079284667969
"species",63,63,7.00192880630493,1.95332598686218,-0.0429422222077847,1418.36157226562,431173.875,538.079284667969
"species",64,64,5.66714954376221,6.2415919303894,0.0516694784164429,20335.171875,534.566772460938,21342.966796875
"species",65,65,7.32948398590088,2.05437302589417,-0.0199094992130995,14662.5576171875,230.327239990234,14804.5439453125
"species",66,66,6.82198619842529,2.21979689598083,-0.0158021226525307,1412.07824707031,434162,5142.3955078125
"species",67,67,7.00192880630493,1.95332598686218,-0.0429422222077847,1418.36157226562,431173.875,538.079284667969
"species",68,68,6.82198619842529,2.21979689598083,-0.0158021226525307,1412.07824707031,434162,5142.3955078125
"species",69,69,7.00192880630493,1.95332598686218,-0.0429422222077847,1418.36157226562,431173.875,538.079284667969
"species",70,70,7.08669805526733,6.31901502609253,-0.0323712006211281,7676.310546875,584.833679199219,20882.19921875
"species",71,71,7.00192880630493,1.95332598686218,-0.0429422222077847,1418.36157226562,431173.875,538.079284667969
"species",72,72,7.00192880630493,1.95332598686218,-0.0429422222077847,1418.36157226562,431173.875,538.079284667969
"species",73,73,7.00192880630493,1.95332598686218,-0.0429422222077847,1418.36157226562,431173.875,538.079284667969
"species",74,74,6.62390756607056,5.09497451782227,-0.0338275320827961,0,428516.3125,21172.970703125
"species",75,75,7.00192880630493,1.95332598686218,-0.0429422222077847,1418.36157226562,431173.875,538.079284667969
"species",76,76,7.00192880630493,1.95332598686218,-0.0429422222077847,1418.36157226562,431173.875,538.079284667969
"species",77,77,7.00192880630493,1.95332598686218,-0.0429422222077847,1418.36157226562,431173.875,538.079284667969
"species",78,78,7.00192880630493,1.95332598686218,-0.0429422222077847,1418.36157226562,431173.875,538.079284667969
"species",79,79,7.00192880630493,1.95332598686218,-0.0429422222077847,1418.36157226562,431173.875,538.079284667969
"species",80,80,6.82198619842529,2.21979689598083,-0.0158021226525307,1412.07824707031,434162,5142.3955078125
"species",81,81,6.82198619842529,2.21979689598083,-0.0158021226525307,1412.07824707031,434162,5142.3955078125
"species",82,82,6.82198619842529,2.21979689598083,-0.0158021226525307,1412.07824707031,434162,5142.3955078125
"species",83,83,7.00192880630493,1.95332598686218,-0.0429422222077847,1418.36157226562,431173.875,538.079284667969
"species",84,84,7.00192880630493,1.95332598686218,-0.0429422222077847,1418.36157226562,431173.875,538.079284667969
"species",85,85,7.00192880630493,1.95332598686218,-0.0429422222077847,1418.36157226562,431173.875,538.079284667969
"species",86,86,7.36909294128418,4.2917594909668,0.0150787308812141,8079.79443359375,0,7075.1455078125
"species",87,87,3.71430063247681,3.34069132804871,-0.0110684130340815,290138.90625,895.592956542969,2822.13134765625
"species",88,88,5.08717012405396,2.9691526889801,-0.0391606651246548,291398.1875,0,1441.78894042969
"species",89,89,7.36909294128418,4.2917594909668,0.0150787308812141,8079.79443359375,0,7075.1455078125
"species",90,90,7.32223224639893,5.56806468963623,0.064252182841301,10347.462890625,144.082168579102,857.529418945312
"species",91,91,4.82945919036865,5.87114953994751,0.0347578562796116,11557.439453125,1415.326171875,14771.2861328125
"species",92,92,7.18500232696533,5.47367715835571,-0.0432517938315868,14005.2080078125,48.5750350952148,4345.791015625
"species",93,93,7.46900510787964,5.22956132888794,0.0321973077952862,16698.984375,265.669860839844,1454.05676269531
"species",94,94,7.18500232696533,5.47367715835571,-0.0432517938315868,14005.2080078125,48.5750350952148,4345.791015625
"species",95,95,7.32223224639893,5.56806468963623,0.064252182841301,10347.462890625,144.082168579102,857.529418945312
"species",96,96,6.43730068206787,4.59920454025269,0.178725570440292,13428.455078125,6018.9931640625,25852.6875
"species",97,97,6.43730068206787,4.59920454025269,0.178725570440292,13428.455078125,6018.9931640625,25852.6875
"species",98,98,5.65025329589844,3.36707329750061,0.0195448566228151,4370.4228515625,429774,5945.99365234375
"species",99,99,4.2693977355957,1.48063158988953,-0.0194700732827187,4560.845703125,430728.0625,5583.0322265625
"species",100,100,6.19954490661621,3.08118534088135,-0.012435351498425,3421.58251953125,430133.90625,3710.20703125
"species",101,101,7.5367283821106,1.17919611930847,0.18845234811306,16927.078125,18800.48828125,33304.34375
"species",102,102,4.82945919036865,5.87114953994751,0.0347578562796116,11557.439453125,1415.326171875,14771.2861328125
"species",103,103,5.53452730178833,6.23115396499634,-0.0225664041936398,13562.603515625,443.036987304688,5721.759765625
"species",104,104,4.81693458557129,5.45197916030884,0.00512472540140152,13026.9970703125,622.671569824219,5535.36376953125
"species",105,105,7.1904091835022,4.78767681121826,0.0742058679461479,15262.7607421875,97.547492980957,3493.60815429688
"species",106,106,5.57870435714722,4.89671564102173,0.024467995390296,14368.162109375,131.465240478516,4121.1875
"species",107,107,7.31759691238403,4.55856227874756,0.106269121170044,15722.06640625,101.309020996094,2707.05053710938
"species",108,108,7.18500232696533,5.47367715835571,-0.0432517938315868,14005.2080078125,48.5750350952148,4345.791015625
"species",109,109,7.46900510787964,5.22956132888794,0.0321973077952862,16698.984375,265.669860839844,1454.05676269531
"species",110,110,7.03097009658813,3.72485995292664,0.028507586568594,14854.880859375,16.5392303466797,3479.51293945312
"species",111,111,7.18500232696533,5.47367715835571,-0.0432517938315868,14005.2080078125,48.5750350952148,4345.791015625
"species",112,112,7.23628759384155,4.78009605407715,0.0259021390229464,15390.7392578125,288.776031494141,3038.064453125
"species",113,113,7.26648950576782,5.77827644348145,0.00240530516020954,14571.9921875,22.9897346496582,4001.09033203125
"species",114,114,5.58805513381958,2.9802417755127,-0.0195685159415007,9984.4951171875,101.998199462891,2252.25463867188
"species",115,115,7.23628759384155,4.78009605407715,0.0259021390229464,15390.7392578125,288.776031494141,3038.064453125
"species",116,116,7.26648950576782,5.77827644348145,0.00240530516020954,14571.9921875,22.9897346496582,4001.09033203125
"species",117,117,6.38893461227417,7.4958348274231,0.0297499373555183,11760.0634765625,488.508544921875,2265.89379882812
"species",118,118,7.51066732406616,4.84467554092407,0.0373329631984234,15970.8359375,339.752044677734,2890.09692382812
"species",119,119,6.38893461227417,7.4958348274231,0.0297499373555183,11760.0634765625,488.508544921875,2265.89379882812
"species",120,120,7.36104965209961,7.21475982666016,0.0272022858262062,11042.6279296875,332.332977294922,1660.08972167969
"species",121,121,6.79017019271851,4.21225547790527,-0.0123070785775781,9128.564453125,28.715311050415,1641.42443847656
"species",122,122,7.36064529418945,5.87993812561035,0.0336810573935509,12557.02734375,89.0641937255859,3571.65478515625
"species",123,123,7.0888876914978,5.26495027542114,0.0585813745856285,8935.373046875,506.567108154297,580.033386230469
"species",124,124,7.0888876914978,5.26495027542114,0.0585813745856285,8935.373046875,506.567108154297,580.033386230469
"species",125,125,7.54198980331421,3.6352059841156,-0.0456733591854572,8963.876953125,146.104415893555,338.569000244141
"species",126,126,7.52179002761841,1.85319375991821,0.188162937760353,13676.943359375,633.141418457031,4210.51123046875
"species",127,127,7.50741672515869,3.63823318481445,0.0672902837395668,17278.234375,413.428375244141,4984.37109375
"species",128,128,7.52099943161011,1.61683857440948,0.283166497945786,17976.2265625,410.482360839844,5623.41943359375
"species",129,129,3.7603554725647,5.84781122207642,0.0185228735208511,9079.0791015625,4517.05419921875,36536.5078125
"species",130,130,6.2839674949646,6.76742458343506,-0.00843516737222672,9741.5634765625,5362.98046875,31252.208984375
"species",131,131,6.2839674949646,6.76742458343506,-0.00843516737222672,9741.5634765625,5362.98046875,31252.208984375
"species",132,132,7.4196252822876,2.70171475410461,-0.0164932850748301,1346.87707519531,1050.93347167969,30025.673828125
"species",133,133,6.43730068206787,4.59920454025269,0.178725570440292,13428.455078125,6018.9931640625,25852.6875
"species",134,134,7.38494348526001,3.81219553947449,-0.00658029969781637,5916.78076171875,33.2034568786621,8132.65234375
"species",135,135,7.3954701423645,2.19234347343445,0.00235029449686408,9306.6611328125,1620.98828125,10131.9931640625
"species",136,136,7.26289749145508,1.87789750099182,-0.0305976085364819,16650.041015625,365.088745117188,16745.47265625
"species",137,137,7.32948398590088,2.05437302589417,-0.0199094992130995,14662.5576171875,230.327239990234,14804.5439453125
"species",138,138,7.32948398590088,2.05437302589417,-0.0199094992130995,14662.5576171875,230.327239990234,14804.5439453125
"species",139,139,7.34644842147827,1.39510691165924,-0.072651319205761,17591.0390625,0,17327.47265625
"species",140,140,3.53916239738464,7.93323230743408,0.0354097783565521,21219.359375,1468.76513671875,22341.44921875
"species",141,141,7.03556060791016,4.10843420028687,0.042073417454958,11742.6279296875,27.4580631256104,11310.89453125
"species",142,142,7.01800584793091,3.57706117630005,-0.0603809356689453,7635.19873046875,2265.16088867188,7352.51806640625
"species",143,143,6.24994277954102,5.2979154586792,0.00920395832508802,13914.2646484375,304.547882080078,14477.53515625
"species",144,144,6.92882776260376,4.1708869934082,0.0296796951442957,14148.208984375,622.36669921875,15640.3740234375
"species",145,145,5.92693042755127,6.30620241165161,-0.0152089186012745,16311.212890625,229.619934082031,18785.09765625
"species",146,146,4.94529962539673,6.41704559326172,0.00623086420819163,15924,665.968322753906,19033.759765625
"species",147,147,3.82727909088135,6.16511249542236,0.00778984744101763,17097.865234375,719.650390625,21234.982421875
"species",148,148,3.69362115859985,6.40095710754395,0.0153755620121956,16367.67578125,802.491149902344,20280.6875
"species",149,149,4.49078702926636,5.75733327865601,0.0391342081129551,17676.150390625,536.88671875,22193.30078125
"species",150,150,5.17181205749512,6.53399801254272,-0.03242377191782,10934.0771484375,414.872955322266,14683.228515625
"species",151,151,7.45032691955566,2.10072875022888,0.030779492110014,8916.34765625,0,11547.232421875
"species",152,152,7.45032691955566,2.10072875022888,0.030779492110014,8916.34765625,0,11547.232421875
"species",153,153,7.45032691955566,2.10072875022888,0.030779492110014,8916.34765625,0,11547.232421875
"species",154,154,4.72415351867676,6.80060911178589,-0.0257356353104115,11843.6083984375,532.36669921875,15595.3642578125
"species",155,155,5.31336116790771,7.0884861946106,-0.00936319679021835,13552.6279296875,24.7638301849365,19154.0625
"species",156,156,5.31336116790771,7.0884861946106,-0.00936319679021835,13552.6279296875,24.7638301849365,19154.0625
"species",157,157,7.30104303359985,3.50237607955933,-0.00613523833453655,14705.0986328125,694.028381347656,22296.5625
"species",158,158,6.3166971206665,5.03380107879639,-0.0736737847328186,13492.3828125,61.2623138427734,20491.470703125
"species",159,159,7.29869031906128,3.87441968917847,-0.0565488561987877,10728.37890625,0,19785.65625
"species",160,160,5.83870124816895,6.43716526031494,0.00305262650363147,8307.3291015625,414.244171142578,21626.01171875
"species",161,161,6.15004968643188,5.45474100112915,0.0368427708745003,9003.8466796875,742.420471191406,22389.787109375
"species",162,162,6.15004968643188,5.45474100112915,0.0368427708745003,9003.8466796875,742.420471191406,22389.787109375
"species",163,163,7.25736999511719,4.13470458984375,0.080277293920517,6281.66015625,1433.49743652344,20877.072265625
"species",164,164,6.42641401290894,7.18382692337036,0.0151964807882905,6895.814453125,559.025085449219,21574.76171875
"species",165,165,7.4298791885376,1.22324466705322,0.018871059641242,2491.44018554688,414.312469482422,20444.400390625
"species",166,166,7.35116147994995,1.48149025440216,0.0612835101783276,2785.72583007812,701.141479492188,23363.439453125
"species",167,167,7.39608478546143,1.8666182756424,-0.00575888762250543,5471.00830078125,702.675903320312,25963.607421875
"species",168,168,3.16014719009399,12.9412870407104,0.0172968134284019,153592.234375,457296.25,173767.234375
"species",169,169,6.62390756607056,5.09497451782227,-0.0338275320827961,0,428516.3125,21172.970703125
"species",170,170,6.62390756607056,5.09497451782227,-0.0338275320827961,0,428516.3125,21172.970703125
"species",171,171,6.62390756607056,5.09497451782227,-0.0338275320827961,0,428516.3125,21172.970703125
"species",172,172,7.01615905761719,3.64594912528992,-0.0330479480326176,1545.04028320312,428798,18939.521484375
"species",173,173,6.24843978881836,3.92106199264526,-0.0538253337144852,5598.76416015625,434772.5625,15362.5751953125
"species",174,174,6.24843978881836,3.92106199264526,-0.0538253337144852,5598.76416015625,434772.5625,15362.5751953125
"species",175,175,6.55361413955688,3.90600252151489,-0.13483652472496,589.205993652344,430039.1875,10017.41796875
"species",176,176,5.65025329589844,3.36707329750061,0.0195448566228151,4370.4228515625,429774,5945.99365234375
"species",177,177,5.65025329589844,3.36707329750061,0.0195448566228151,4370.4228515625,429774,5945.99365234375
"species",178,178,6.98701810836792,3.8775806427002,-0.0418576262891293,2665.34423828125,427566.3125,6326.27294921875
"species",179,179,6.4567699432373,3.9532687664032,-0.0230876728892326,3660.82446289062,429178.5,4236.771484375
"species",180,180,6.19954490661621,3.08118534088135,-0.012435351498425,3421.58251953125,430133.90625,3710.20703125
"species",181,181,4.32970571517944,4.25858497619629,0.0121933352202177,289232.6875,0,5536.181640625
"species",182,182,6.98298120498657,2.54567670822144,0.00742631824687123,2430.30541992188,429840,2839.6005859375
"species",183,183,4.86534833908081,2.68463611602783,0.083758719265461,288578,86.102912902832,5041.00390625
"species",184,184,4.56886720657349,4.88911628723145,-0.0149143040180206,291439.8125,0,4294.134765625
"species",185,185,7.00192880630493,1.95332598686218,-0.0429422222077847,1418.36157226562,431173.875,538.079284667969
"species",186,186,6.98210859298706,2.25868201255798,-0.0409611016511917,603.341979980469,430216.125,688.567199707031
"species",187,187,7.00192880630493,1.95332598686218,-0.0429422222077847,1418.36157226562,431173.875,538.079284667969
"species",188,188,7.00192880630493,1.95332598686218,-0.0429422222077847,1418.36157226562,431173.875,538.079284667969
"species",189,189,7.00192880630493,1.95332598686218,-0.0429422222077847,1418.36157226562,431173.875,538.079284667969
"species",190,190,7.00192880630493,1.95332598686218,-0.0429422222077847,1418.36157226562,431173.875,538.079284667969
"species",191,191,3.71430063247681,3.34069132804871,-0.0110684130340815,290138.90625,895.592956542969,2822.13134765625
"species",192,192,3.71430063247681,3.34069132804871,-0.0110684130340815,290138.90625,895.592956542969,2822.13134765625
"species",193,193,7.00192880630493,1.95332598686218,-0.0429422222077847,1418.36157226562,431173.875,538.079284667969
"species",194,194,7.00192880630493,1.95332598686218,-0.0429422222077847,1418.36157226562,431173.875,538.079284667969
"species",195,195,7.00192880630493,1.95332598686218,-0.0429422222077847,1418.36157226562,431173.875,538.079284667969
"species",196,196,3.72941732406616,2.96896958351135,0.00280227256007493,287596.40625,3409.041015625,4834.76220703125
"species",197,197,6.81949377059937,2.71416449546814,0.00559961376711726,2425.39135742188,432804.96875,2493.59838867188
"species",198,198,6.98760366439819,1.56342792510986,-0.0440589971840382,522.304870605469,432241.4375,3579.58422851562
"species",199,199,6.82198619842529,2.21979689598083,-0.0158021226525307,1412.07824707031,434162,5142.3955078125
"species",200,200,6.98760366439819,1.56342792510986,-0.0440589971840382,522.304870605469,432241.4375,3579.58422851562
"species",201,201,6.95677661895752,1.60629773139954,-0.0677206739783287,589.103088378906,433201.625,4316.1123046875
"species",202,202,6.95677661895752,1.60629773139954,-0.0677206739783287,589.103088378906,433201.625,4316.1123046875
"species",203,203,6.9863224029541,0.854865908622742,-0.213879898190498,355.228271484375,431962.84375,4371.62646484375
"species",204,204,6.9863224029541,0.854865908622742,-0.213879898190498,355.228271484375,431962.84375,4371.62646484375
"species",205,205,6.95914793014526,0.991161644458771,-0.0738138109445572,415.038269042969,432923.65625,4992.64697265625
"species",206,206,6.9968056678772,0.998304843902588,-0.101395450532436,1315.16528320312,433884.65625,5722.05615234375
"species",207,207,6.74092531204224,2.46788024902344,-0.0800713524222374,413.994506835938,415346.84375,17154.0546875
"species",208,208,3.42501378059387,3.9462263584137,0.0169467478990555,287976.375,1024.7158203125,16780.068359375
"species",209,209,7.46900510787964,5.22956132888794,0.0321973077952862,16698.984375,265.669860839844,1454.05676269531
"species",210,210,3.7603554725647,5.84781122207642,0.0185228735208511,9079.0791015625,4517.05419921875,36536.5078125
"species",211,211,6.43730068206787,4.59920454025269,0.178725570440292,13428.455078125,6018.9931640625,25852.6875
"species",212,212,7.45032691955566,2.10072875022888,0.030779492110014,8916.34765625,0,11547.232421875
"species",213,213,6.62390756607056,5.09497451782227,-0.0338275320827961,0,428516.3125,21172.970703125
"species",214,214,6.62390756607056,5.09497451782227,-0.0338275320827961,0,428516.3125,21172.970703125
"species",215,215,6.55361413955688,3.90600252151489,-0.13483652472496,589.205993652344,430039.1875,10017.41796875
"species",216,216,5.65025329589844,3.36707329750061,0.0195448566228151,4370.4228515625,429774,5945.99365234375
"species",217,217,5.65025329589844,3.36707329750061,0.0195448566228151,4370.4228515625,429774,5945.99365234375
"species",218,218,4.2693977355957,1.48063158988953,-0.0194700732827187,4560.845703125,430728.0625,5583.0322265625
"species",219,219,6.4567699432373,3.9532687664032,-0.0230876728892326,3660.82446289062,429178.5,4236.771484375
"species",220,220,6.4567699432373,3.9532687664032,-0.0230876728892326,3660.82446289062,429178.5,4236.771484375
"species",221,221,6.98298120498657,2.54567670822144,0.00742631824687123,2430.30541992188,429840,2839.6005859375
"species",222,222,4.86534833908081,2.68463611602783,0.083758719265461,288578,86.102912902832,5041.00390625
"species",223,223,7.00192880630493,1.95332598686218,-0.0429422222077847,1418.36157226562,431173.875,538.079284667969
"species",224,224,6.98210859298706,2.25868201255798,-0.0409611016511917,603.341979980469,430216.125,688.567199707031
"species",225,225,7.00192880630493,1.95332598686218,-0.0429422222077847,1418.36157226562,431173.875,538.079284667969
"species",226,226,7.00192880630493,1.95332598686218,-0.0429422222077847,1418.36157226562,431173.875,538.079284667969
"species",227,227,7.00192880630493,1.95332598686218,-0.0429422222077847,1418.36157226562,431173.875,538.079284667969
"species",228,228,7.00192880630493,1.95332598686218,-0.0429422222077847,1418.36157226562,431173.875,538.079284667969
"species",229,229,7.00192880630493,1.95332598686218,-0.0429422222077847,1418.36157226562,431173.875,538.079284667969
"species",230,230,7.00192880630493,1.95332598686218,-0.0429422222077847,1418.36157226562,431173.875,538.079284667969
"species",231,231,7.00192880630493,1.95332598686218,-0.0429422222077847,1418.36157226562,431173.875,538.079284667969
"species",232,232,7.00192880630493,1.95332598686218,-0.0429422222077847,1418.36157226562,431173.875,538.079284667969
"species",233,233,7.00192880630493,1.95332598686218,-0.0429422222077847,1418.36157226562,431173.875,538.079284667969
"species",234,234,7.00192880630493,1.95332598686218,-0.0429422222077847,1418.36157226562,431173.875,538.079284667969
"species",235,235,7.00192880630493,1.95332598686218,-0.0429422222077847,1418.36157226562,431173.875,538.079284667969
"species",236,236,7.00192880630493,1.95332598686218,-0.0429422222077847,1418.36157226562,431173.875,538.079284667969
"species",237,237,3.71430063247681,3.34069132804871,-0.0110684130340815,290138.90625,895.592956542969,2822.13134765625
"species",238,238,6.81949377059937,2.71416449546814,0.00559961376711726,2425.39135742188,432804.96875,2493.59838867188
"species",239,239,6.82198619842529,2.21979689598083,-0.0158021226525307,1412.07824707031,434162,5142.3955078125
"species",240,240,6.98760366439819,1.56342792510986,-0.0440589971840382,522.304870605469,432241.4375,3579.58422851562
"species",241,241,6.95677661895752,1.60629773139954,-0.0677206739783287,589.103088378906,433201.625,4316.1123046875
"species",242,242,6.82198619842529,2.21979689598083,-0.0158021226525307,1412.07824707031,434162,5142.3955078125
"species",243,243,6.9863224029541,0.854865908622742,-0.213879898190498,355.228271484375,431962.84375,4371.62646484375
"species",244,244,6.9863224029541,0.854865908622742,-0.213879898190498,355.228271484375,431962.84375,4371.62646484375
"species",245,245,6.95914793014526,0.991161644458771,-0.0738138109445572,415.038269042969,432923.65625,4992.64697265625
"species",246,246,6.82198619842529,2.21979689598083,-0.0158021226525307,1412.07824707031,434162,5142.3955078125
"species",247,247,6.95914793014526,0.991161644458771,-0.0738138109445572,415.038269042969,432923.65625,4992.64697265625
"species",248,248,6.95914793014526,0.991161644458771,-0.0738138109445572,415.038269042969,432923.65625,4992.64697265625
"species",249,249,6.9968056678772,0.998304843902588,-0.101395450532436,1315.16528320312,433884.65625,5722.05615234375
"species",250,250,3.42501378059387,3.9462263584137,0.0169467478990555,287976.375,1024.7158203125,16780.068359375
"species",251,251,7.45032691955566,2.10072875022888,0.030779492110014,8916.34765625,0,11547.232421875
"species",252,252,4.56886720657349,4.88911628723145,-0.0149143040180206,291439.8125,0,4294.134765625
"species",253,253,6.98210859298706,2.25868201255798,-0.0409611016511917,603.341979980469,430216.125,688.567199707031
"species",254,254,7.38583087921143,2.64302349090576,-0.0306038074195385,6798.89892578125,526.821899414062,9095.9306640625
"species",255,255,7.38494348526001,3.81219553947449,-0.00658029969781637,5916.78076171875,33.2034568786621,8132.65234375
"species",256,256,7.38613605499268,2.72811222076416,0.108996279537678,6154.25244140625,765.123962402344,7155.89453125
"species",257,257,7.36909294128418,4.2917594909668,0.0150787308812141,8079.79443359375,0,7075.1455078125
"species",258,258,4.77992677688599,6.85784721374512,0.0722166523337364,237509.5625,55902.39453125,109021.890625
"species",259,259,7.01615905761719,3.64594912528992,-0.0330479480326176,1545.04028320312,428798,18939.521484375
"species",260,260,3.42501378059387,3.9462263584137,0.0169467478990555,287976.375,1024.7158203125,16780.068359375
"species",261,261,3.71430063247681,3.34069132804871,-0.0110684130340815,290138.90625,895.592956542969,2822.13134765625
"species",262,262,3.42501378059387,3.9462263584137,0.0169467478990555,287976.375,1024.7158203125,16780.068359375
"species",263,263,7.44997262954712,3.19163846969604,0.0207950528711081,11537.412109375,2270.32470703125,12348.666015625
"species",264,264,7.45032691955566,2.10072875022888,0.030779492110014,8916.34765625,0,11547.232421875
"species",265,265,3.71430063247681,3.34069132804871,-0.0110684130340815,290138.90625,895.592956542969,2822.13134765625
"species",266,266,3.42501378059387,3.9462263584137,0.0169467478990555,287976.375,1024.7158203125,16780.068359375
"species",267,267,7.0888876914978,5.26495027542114,0.0585813745856285,8935.373046875,506.567108154297,580.033386230469
"species",268,268,3.08996295928955,6.13487672805786,0.00957050081342459,265580.0625,33270.31640625,81219
"species",269,269,7.45032691955566,2.10072875022888,0.030779492110014,8916.34765625,0,11547.232421875
"species",270,270,3.71430063247681,3.34069132804871,-0.0110684130340815,290138.90625,895.592956542969,2822.13134765625
"species",271,271,7.18500232696533,5.47367715835571,-0.0432517938315868,14005.2080078125,48.5750350952148,4345.791015625
"species",272,272,6.38893461227417,7.4958348274231,0.0297499373555183,11760.0634765625,488.508544921875,2265.89379882812
"species",273,273,6.43730068206787,4.59920454025269,0.178725570440292,13428.455078125,6018.9931640625,25852.6875
"species",274,274,7.32948398590088,2.05437302589417,-0.0199094992130995,14662.5576171875,230.327239990234,14804.5439453125
"species",275,275,7.32948398590088,2.05437302589417,-0.0199094992130995,14662.5576171875,230.327239990234,14804.5439453125
"species",276,276,7.32948398590088,2.05437302589417,-0.0199094992130995,14662.5576171875,230.327239990234,14804.5439453125
"species",277,277,7.32948398590088,2.05437302589417,-0.0199094992130995,14662.5576171875,230.327239990234,14804.5439453125
"species",278,278,7.32948398590088,2.05437302589417,-0.0199094992130995,14662.5576171875,230.327239990234,14804.5439453125
"species",279,279,7.32948398590088,2.05437302589417,-0.0199094992130995,14662.5576171875,230.327239990234,14804.5439453125
"species",280,280,5.66714954376221,6.2415919303894,0.0516694784164429,20335.171875,534.566772460938,21342.966796875
"species",281,281,5.66714954376221,6.2415919303894,0.0516694784164429,20335.171875,534.566772460938,21342.966796875
"species",282,282,5.66714954376221,6.2415919303894,0.0516694784164429,20335.171875,534.566772460938,21342.966796875
"species",283,283,5.66714954376221,6.2415919303894,0.0516694784164429,20335.171875,534.566772460938,21342.966796875
"species",284,284,5.66714954376221,6.2415919303894,0.0516694784164429,20335.171875,534.566772460938,21342.966796875
"species",285,285,7.08669805526733,6.31901502609253,-0.0323712006211281,7676.310546875,584.833679199219,20882.19921875
"species",286,286,7.08669805526733,6.31901502609253,-0.0323712006211281,7676.310546875,584.833679199219,20882.19921875
"species",287,287,7.08669805526733,6.31901502609253,-0.0323712006211281,7676.310546875,584.833679199219,20882.19921875
"species",288,288,7.01615905761719,3.64594912528992,-0.0330479480326176,1545.04028320312,428798,18939.521484375
"species",289,289,5.65025329589844,3.36707329750061,0.0195448566228151,4370.4228515625,429774,5945.99365234375
"species",290,290,4.41978740692139,2.12407946586609,0.00262958114035428,4416.55517578125,430429.9375,4633.35107421875
"species",291,291,4.41978740692139,2.12407946586609,0.00262958114035428,4416.55517578125,430429.9375,4633.35107421875
"species",292,292,6.4567699432373,3.9532687664032,-0.0230876728892326,3660.82446289062,429178.5,4236.771484375
"species",293,293,6.4567699432373,3.9532687664032,-0.0230876728892326,3660.82446289062,429178.5,4236.771484375
"species",294,294,6.98298120498657,2.54567670822144,0.00742631824687123,2430.30541992188,429840,2839.6005859375
"species",295,295,6.98210859298706,2.25868201255798,-0.0409611016511917,603.341979980469,430216.125,688.567199707031
"species",296,296,7.00192880630493,1.95332598686218,-0.0429422222077847,1418.36157226562,431173.875,538.079284667969
"species",297,297,7.00192880630493,1.95332598686218,-0.0429422222077847,1418.36157226562,431173.875,538.079284667969
"species",298,298,7.00192880630493,1.95332598686218,-0.0429422222077847,1418.36157226562,431173.875,538.079284667969
"species",299,299,7.00192880630493,1.95332598686218,-0.0429422222077847,1418.36157226562,431173.875,538.079284667969
"species",300,300,7.00192880630493,1.95332598686218,-0.0429422222077847,1418.36157226562,431173.875,538.079284667969
"species",301,301,7.00192880630493,1.95332598686218,-0.0429422222077847,1418.36157226562,431173.875,538.079284667969
"species",302,302,7.00192880630493,1.95332598686218,-0.0429422222077847,1418.36157226562,431173.875,538.079284667969
"species",303,303,7.00192880630493,1.95332598686218,-0.0429422222077847,1418.36157226562,431173.875,538.079284667969
"species",304,304,7.00192880630493,1.95332598686218,-0.0429422222077847,1418.36157226562,431173.875,538.079284667969
"species",305,305,7.00192880630493,1.95332598686218,-0.0429422222077847,1418.36157226562,431173.875,538.079284667969
"species",306,306,7.00192880630493,1.95332598686218,-0.0429422222077847,1418.36157226562,431173.875,538.079284667969
"species",307,307,7.00192880630493,1.95332598686218,-0.0429422222077847,1418.36157226562,431173.875,538.079284667969
"species",308,308,7.00192880630493,1.95332598686218,-0.0429422222077847,1418.36157226562,431173.875,538.079284667969
"species",309,309,7.00192880630493,1.95332598686218,-0.0429422222077847,1418.36157226562,431173.875,538.079284667969
"species",310,310,7.00192880630493,1.95332598686218,-0.0429422222077847,1418.36157226562,431173.875,538.079284667969
"species",311,311,7.00192880630493,1.95332598686218,-0.0429422222077847,1418.36157226562,431173.875,538.079284667969
"species",312,312,7.00192880630493,1.95332598686218,-0.0429422222077847,1418.36157226562,431173.875,538.079284667969
"species",313,313,7.00192880630493,1.95332598686218,-0.0429422222077847,1418.36157226562,431173.875,538.079284667969
"species",314,314,7.00192880630493,1.95332598686218,-0.0429422222077847,1418.36157226562,431173.875,538.079284667969
"species",315,315,7.00192880630493,1.95332598686218,-0.0429422222077847,1418.36157226562,431173.875,538.079284667969
"species",316,316,7.00192880630493,1.95332598686218,-0.0429422222077847,1418.36157226562,431173.875,538.079284667969
"species",317,317,7.00192880630493,1.95332598686218,-0.0429422222077847,1418.36157226562,431173.875,538.079284667969
"species",318,318,6.81949377059937,2.71416449546814,0.00559961376711726,2425.39135742188,432804.96875,2493.59838867188
"species",319,319,6.98760366439819,1.56342792510986,-0.0440589971840382,522.304870605469,432241.4375,3579.58422851562
"species",320,320,6.95677661895752,1.60629773139954,-0.0677206739783287,589.103088378906,433201.625,4316.1123046875
"species",321,321,6.95677661895752,1.60629773139954,-0.0677206739783287,589.103088378906,433201.625,4316.1123046875
"species",322,322,6.82198619842529,2.21979689598083,-0.0158021226525307,1412.07824707031,434162,5142.3955078125
"species",323,323,6.9863224029541,0.854865908622742,-0.213879898190498,355.228271484375,431962.84375,4371.62646484375
"species",324,324,6.95677661895752,1.60629773139954,-0.0677206739783287,589.103088378906,433201.625,4316.1123046875
"species",325,325,6.9863224029541,0.854865908622742,-0.213879898190498,355.228271484375,431962.84375,4371.62646484375
"species",326,326,6.82198619842529,2.21979689598083,-0.0158021226525307,1412.07824707031,434162,5142.3955078125
"species",327,327,6.82198619842529,2.21979689598083,-0.0158021226525307,1412.07824707031,434162,5142.3955078125
"species",328,328,6.82198619842529,2.21979689598083,-0.0158021226525307,1412.07824707031,434162,5142.3955078125
"species",329,329,6.82198619842529,2.21979689598083,-0.0158021226525307,1412.07824707031,434162,5142.3955078125
"species",330,330,6.82198619842529,2.21979689598083,-0.0158021226525307,1412.07824707031,434162,5142.3955078125
"species",331,331,6.82198619842529,2.21979689598083,-0.0158021226525307,1412.07824707031,434162,5142.3955078125
"species",332,332,6.82198619842529,2.21979689598083,-0.0158021226525307,1412.07824707031,434162,5142.3955078125
"species",333,333,6.82198619842529,2.21979689598083,-0.0158021226525307,1412.07824707031,434162,5142.3955078125
"species",334,334,6.82198619842529,2.21979689598083,-0.0158021226525307,1412.07824707031,434162,5142.3955078125
"species",335,335,6.82198619842529,2.21979689598083,-0.0158021226525307,1412.07824707031,434162,5142.3955078125
"species",336,336,6.82198619842529,2.21979689598083,-0.0158021226525307,1412.07824707031,434162,5142.3955078125
"species",337,337,6.82198619842529,2.21979689598083,-0.0158021226525307,1412.07824707031,434162,5142.3955078125
"species",338,338,6.82198619842529,2.21979689598083,-0.0158021226525307,1412.07824707031,434162,5142.3955078125
"species",339,339,6.95914793014526,0.991161644458771,-0.0738138109445572,415.038269042969,432923.65625,4992.64697265625
"species",340,340,6.9968056678772,0.998304843902588,-0.101395450532436,1315.16528320312,433884.65625,5722.05615234375
"species",341,341,4.2693977355957,1.48063158988953,-0.0194700732827187,4560.845703125,430728.0625,5583.0322265625
"species",342,342,6.98298120498657,2.54567670822144,0.00742631824687123,2430.30541992188,429840,2839.6005859375
"species",343,343,6.98210859298706,2.25868201255798,-0.0409611016511917,603.341979980469,430216.125,688.567199707031
"species",344,344,7.00192880630493,1.95332598686218,-0.0429422222077847,1418.36157226562,431173.875,538.079284667969
"species",345,345,7.00192880630493,1.95332598686218,-0.0429422222077847,1418.36157226562,431173.875,538.079284667969
"species",346,346,7.00192880630493,1.95332598686218,-0.0429422222077847,1418.36157226562,431173.875,538.079284667969
"species",347,347,7.00192880630493,1.95332598686218,-0.0429422222077847,1418.36157226562,431173.875,538.079284667969
"species",348,348,7.00192880630493,1.95332598686218,-0.0429422222077847,1418.36157226562,431173.875,538.079284667969
"species",349,349,6.81949377059937,2.71416449546814,0.00559961376711726,2425.39135742188,432804.96875,2493.59838867188
"species",350,350,6.99885940551758,0.34139883518219,-0.306951105594635,2251.9765625,430321.59375,2680.03979492188
"species",351,351,6.99885940551758,0.34139883518219,-0.306951105594635,2251.9765625,430321.59375,2680.03979492188
"species",352,352,6.82198619842529,2.21979689598083,-0.0158021226525307,1412.07824707031,434162,5142.3955078125
"species",353,353,6.95677661895752,1.60629773139954,-0.0677206739783287,589.103088378906,433201.625,4316.1123046875
"species",354,354,6.98760366439819,1.56342792510986,-0.0440589971840382,522.304870605469,432241.4375,3579.58422851562
"species",355,355,6.82198619842529,2.21979689598083,-0.0158021226525307,1412.07824707031,434162,5142.3955078125
"species",356,356,6.95677661895752,1.60629773139954,-0.0677206739783287,589.103088378906,433201.625,4316.1123046875
"species",357,357,6.9863224029541,0.854865908622742,-0.213879898190498,355.228271484375,431962.84375,4371.62646484375
"species",358,358,6.82198619842529,2.21979689598083,-0.0158021226525307,1412.07824707031,434162,5142.3955078125
"species",359,359,6.9968056678772,0.998304843902588,-0.101395450532436,1315.16528320312,433884.65625,5722.05615234375
"species",360,360,7.45032691955566,2.10072875022888,0.030779492110014,8916.34765625,0,11547.232421875
